999999999999999999999999999999999999999999999999999999999999999999999999999999999999999999999999999999
976567987865356999865444567895694320124789109654310198765454567894567897698765987654678998989998765459
987879886653237889994323467976987641235678998765421987656343656953456989559876798798789397678998654349
998998765432127678988212357897898732945689769876432398743212547892345679431997989899893216567896543219
939239976541023589876501245998999649898794656986543987654101238921234598940989876999952103458987654329
923998987632125679865422356789898798789893547987899876543242345890195987899876765798743212567898765439
919887998743234789876534467898769998689901234598989987657653656789989876789765434569656323698969886569
909765987654345999987675567999859877569892445679878998768874569899876545678954323459867935789456997889
919874399865699878998796778999998966456789556989767869878995678989965434567893212667999899996321298999
998765219876989769899897889789987655345697667898655456989876789679876323898987354778989787895490989999
999854101989878945778998997699876543238999878987543245696987896598765436789876496789876566789989879889
998943212399764234567899654569765432126789999897679457895698965439896545793987587898767455678976566779
997654325479853133456789765679876521045678939798798998934989999321987756912397698959954344567895454669
998765576569832012356899876798765432134799328679987999129878978932498867893498789349873223456954353459
989876988698743423456789987899877543289894213598976899098754567893459878987679891239765106567899212369
976987998789656567567891098978998765678932104987665678976543478976567999399889910349854312678978101459
975699449898767679698979999567989888789543219876554289895432789987678921239994325499975563489765212349
964571234969878989789467895459877999897654598765432198789544699998789990198765539989989878997654345469
953210123456989899892356799398765469998975979879854345697675998989898989299879698878992989698765458569
974323459577896798921345678987654398989899867998765689789789897878987678989988797567891094569879567679
985434698988965987435476789298995987876789653439876789899898766767896569878999986458992123479998978789
999865987899876796546567892199889876765678942124997899932989855656965434567898654356789234567987899899
967979876789987987657898989987679875444567891012398978949876544345892123479998765667898945679876789919
956798765678999898768999878976589764323456789929459569899994321256791012389769896789987896798985678909
945698754787898789879998768965498654212369898897993498789989434346789123478954987897656789986743467919
934987643456789678989987656894329765324568987676789987678978945457893235567893298986549898765212356899
945988542345696569899997645679410987435689998545679876546467899568964347689954349865432449874301345789
959865431456789498769876434589429876545679875436798987434345978979879499898769498754321239865412456799
998765432667995219656987545678945997789789876545987654321234567989998989999898987643210378976743468999
999876547778954398745987656789856798999893987676798765410123458999987878998987899755423567987654879989
998998756889765987532498767898767899987901298787899886521234589239876567887896549867534778998776789679
987659897899876998421379898999879999876212459898998765432345678998765456346895437987699989989897893499
996544998943989876520256989876989998765353678919989876543456789987654321236789326598987899876998932529
987632109432398765434345678965398999876764989329878987654567894298763210145899910459876789975569891019
976543299941259987545456789976457896998875695498569499875689932129874323456789892398765698954456789129
987654987890345698756977897898567895439976789987694321989798941012985434678998789987654567893345789239
998769896789467899767898956789778984323987897698789452399897992129996985789125678996543678901234899349
929898785678978999878969869998989765213498989549896543499976789298869876795434899987678989212345678959
913987654577899987989556998887899654324999878934987654989565678987654998896946789898789994323456799879
901298743456998765495445987656798765499879767929899769878434567898743239969899898769898965876567895989
999999852347899986321237986545789876989569858898769898765326778987654123456789996554957896989878964999
987898921456789993210359875732378999876452345789656959975447889899743234969899987432346789191989979899
976797892345678954921298764320567899976321234896545245986756998798654347899989876543456999092397897659
965456789456989769892987654321789998765432345679432134699887897679875456789679987654567898989456988739
974345678967899899789198965434691099987654456789321019798998956569976767893598898876898967878979874329
943234589978989998699239876545692989998785767895432198987789543498987898912987639987999856567898765419
953123678999378939988999998656789878959896878976943976545678952987898959901976521298987743458989976329
941014567895469129876989998769896567932987989989899867436767899896439349899876420349976542345678988439
932123456789593298985878999878989456899998999998797654323456998765421299767985431269897621045678999569
943456967999989987654767899989675345778999878954698743212347899876592987659876542345789732134589997679
965689898999878976543456789897543245667998767893559854323456789989989996545989875456997654545999989789
976789789999767895432345698765432133456899898932347976454568894399879989632399876567898776676789878999
989998678987656796521656789654321012345699989321456987765678999298765678921989987678919897889899767899
999879545696545689692346998765432323456789876434587998976789998998654567899875898789323998994912656799
998765434989634578987657899886646554577893987568999879987899897989543458998764769895434599543101245679
999876329876523467898969987997657898689954599778998767898998786879932567987643457976545987655212346789
998765210985415456789878976798768929798765699989459854569987655667891299875432546999876798766723478899
999654329876302389897989345679879109899976789494398765678996543656789989996521235899997899877834567919
998765499983213478976593235699998919999899892393239876989987212345999878989910123789998954988945678929
999876789995436567895432126789987898987765901679199987899876501234998769879894234678999743497656789439
999987999876577878999521045679876757976543212578988998999987432357899657658794365678997532679987899549
989998934987678989998432126899785346898955923469876579789996563978976545545699456889876543794398968969
978939123498989997897543278987674235769899895879965435678987874568997535435678987999987659989219459899
969921019999997876898689369876532123456789789989899214569998995679976521014789498969898798878902398769
947892198789976785459985456997431012346795678998788923678949876789765432123499329456789987767893997659
936989989698765434345976567986562123567894568986567994689632988999879545244568912345699876756789876549
945678976569986423234987698987689234878923459875456789796543599569998987659678901234987964545698987439
998789985498765310145698999998789345989013998765345678997678975498987898768789213569876543434687896549
969999897349885421237899899879897656792129887654234899398799654397676989899999323498965432323456789659
955698789219876562456999765967998967893498765443156789219899765996545678987898654987654321012345678969
943987678923987676568979854356789878984569854321017894398968979887734569876789765998865432723456789879
932496567894698989679567985467894989875899965632345995987657898765623498765678979899876543654567894989
910995456965789998989439876578923997986789497643456789976546789543412987654689999788987655665678943499
929876567896899987899923989679019876399894349956969898965432196532103988743456987667898766789789432349
935989679987999876899894598789298765256975498799878987896745989543319875432469876456789998999998543959
945998789598998765789799679996987654345976598678999876789899878955679986321234989323456789899897659899
957899999459989654647678999895698765467897976549898995698998967897898765410123498534568898798789798789
998999898969876543234569987784579987878979875436767894567987656789999854321234597665679967675699987659
949998787899989654345678976543498798989567994325759943499876545678999865457645698776789654534589876549
934997656789998765756789765432987689393456989214348932987985434567989976568789789887896543123578965439
929876545678939876897899876521296543212349978901267931296542123678977987679899897998987655012467894329
910987434589323987898998787610987432101298767892378910198765234589656398793924956789598767126579983219
931498949678912998939987654321298743212987656789459923239874345678943229891012345695459843277678972109
942349898989329889921098785432999654529876545678967894567987658989432109932143457789349954567789765219
943498787895498767893999896659899767698765434569898965678998767897653298657654789891298765689899874329
954998656789987656789899987898768979987654323456799876789789878987654398768765689932999876792945985439
969876545679998967898789998965457899998621014767892987897678989198786569879879789999898989890129996569
998777834568999878947678999894345679876542123889901498976589994239899689989998999988767899921298987679
999664323467894989434589987656234787987653234993212349987679894345998998799987989876456989892987698989
976543213568943599545699876543101456798764345789353459998789789956987899659876578934349876789876549299
987652108979532678956789987653212345899875476995496567899996567899876799542976459321298765678989432139
976543267899431249997899898764323458910986787896987679954323457898765688921094348942989654589996521019
989875345678910239889998769987634567899997898987899896543219969999874667892987467899876553578989432199
998765456899421398778987659876545679967998999998967997654398898989943456789876578999995432347678943989
969898767895434977667999543989658793456789589999898989765987767878987667899987899989989421234567899879
954969978976545965456987992399867892345895467898789878979876658767999878978998998878978975456789998769
943556989989659876399876789921979901456789356987678767998765434546899989567899987869567896567896789959
932345798798967999987845667892989212667891239876563856899654323434678993456789876545456789878945699849
921656899547898998765436458789994323788910123965432347998765210123789432345678987632345678989432987659
939897987656799987654321245678965459899321239876541256899876321254897621234789699743456899894321099769
945998998767892398543210126799986567987654345987854345789876543345998732345896598654567998765434139879
999999999999999999999999999999999999999999999999999999999999999999999999999999999999999999999999999999